$ANSIBLE_VAULT;1.1;AES256
33653836306534376161366436316330626236363262383866623561653461323536623734666166
3632326530363163623234366531333636396637303435360a303738353261633131373933613464
63613961656566303532613035353636643562373465393236636538656166623462633365373232
6164626564373565330a643937333135396636333731366637326537623631343866396362376336
61303539396438323131313566313730643065393065333836646130376630616638643832396436
30616639363763613663666630333937633430363762323966313531616466616530633539383633
62366161663638616265306264383161613636323530346336313163303864306530303636323137
65643331366363616336376233376366656538663736323839653732633130656436373864653261
65393231613762383031653861633565383264363939636631303938666338616136373234333231
61303637326361643338333361666238613334666139373339323636316238633335336631353332
65313239333032616662666134343164346630666466363630613930366331646637383538313066
37643932346433313862663631316232316135346230626135633935323433303462376635356465
32613666353664646666356231616238666136353361373032366537313262363963323030356334
32343433653762353038626361346138663632613133343435323531633431333764663534333531
33303164626535653239316365303931616132303732323130616435616161376432646432663765
61313566336134623566386331643966313833373635613131626130303235646663646561346232
65613736663762373935343737653765363938323437366365643831343239383561323934653038
63633639336662383864333465366234653437623438616632376163363566363030386337326333
36383731346631313862613565663931306532333637646165613166636539363238386534343362
66636436643837353362383335373731613865383166623437393363356164626664663638353561
63633662656537313831366636666561323561343136383532356632613433646261613061333539
34323635303032343334653133393430353237633938353530613362363034633432313934333363
38663334343165366236373135303633323162613635643163306630636238373330396237353433
33643264303661626639636239316638626434386162346230663834623838333834626431366561
33353962613266613730353037326237376365363063343763656665303632663835
